103,0.01,501,501,478
1492120,0.09,-0.16,-10.32,0.00,-0.03,0.01,503,503,453
1502118,0.15,-0.13,-10.28,0.00,-0.03,0.01,509,509,465
1512118,0.13,-0.10,-10.26,0.00,-0.03,0.01,509,510,499
1522118,0.17,-0.13,-10.32,0.00,-0.03,0.01,509,509,484
1532118,0.14,-0.13,-10.26,0.00,-0.03,0.02,509,510,517
1542118,0.16,-0.13,-10.28,0.01,-0.03,0.02,509,510,498
1653418,0.16,-0.13,-10.28,0.01,-0.03,0.02,509,510,474
1662118,0.17,-0.15,-10.32,0.00,-0.03,0.01,508,510,442
1672118,0.12,-0.11,-10.33,0.00,-0.03,0.01,508,509,456
1682118,0.11,-0.14,-10.35,0.00,-0.03,0.01,508,509,462
1692121,0.17,-0.16,-10.31,0.00,-0.03,0.01,508,510,510
1702118,0.12,-0.13,-10.36,0.00,-0.03,0.01,508,510,437
1712118,0.12,-0.10,-10.25,-0.00,-0.03,0.01,509,510,454
1722118,0.09,-0.15,-10.33,0.00,-0.03,0.01,509,509,446
1732118,0.10,-0.15,-10.34,0.01,-0.03,0.01,509,509,490
1742118,0.10,-0.09,-10.31,0.00,-0.03,0.01,509,509,460
1752118,0.10,-0.14,-10.34,0.00,-0.04,0.01,509,510,447
1762118,0.13,-0.15,-10.30,0.00,-0.04,0.00,509,510,512
1772118,0.14,-0.14,-10.21,-0.00,-0.02,0.01,509,510,465
1782118,0.10,-0.12,-10.33,0.01,-0.03,0.01,508,510,477
1792118,0.16,-0.11,-10.34,0.01,-0.03,0.01,507,509,467
1802118,0.16,-0.08,-10.34,0.00,-0.03,0.01,509,510,489
1812118,0.14,-0.14,-10.26,-0.00,-0.03,0.01,509,509,460
1822118,0.09,-0.08,-10.36,-0.00,-0.03,0.01,509,510,479
1832118,0.17,-0.14,-10.30,0.00,-0.03,0.01,509,510,512
1842118,0.11,-0.16,-10.36,0.00,-0.03,0.01,509,510,496
1852118,0.11,-0.13,-10.29,0.00,-0.03,0.01,508,510,472
1862118,0.07,-0.16,-10.31,0.00,-0.03,0.01,509,510,436
1872118,0.13,-0.11,-10.32,0.01,-0.03,0.01,509,510,438
1882118,0.10,-0.10,-10.26,0.00,-0.04,0.01,509,510,475
1892118,0.14,-0.12,-10.26,0.00,-0.03,0.01,509,510,510
1902118,0.11,-0.15,-10.28,0.00,-0.03,0.01,509,510,462
1912118,0.18,-0.14,-10.32,0.00,-0.03,0.01,509,510,479
1922118,0.16,-0.11,-10.31,0.00,-0.03,0.00,509,510,476
1932118,0.15,-0.10,-10.34,0.00,-0.03,0.01,509,510,477
17022118,-1.97,-0.98,-9.64,-0.14,0.29,0.05,509,511,512
17032118,-2.44,-1.21,-9.78,-0.17,0.32,0.03,505,508,509
17042118,-2.48,-1.34,-9.90,-0.18,0.30,0.00,509,512,513
17052118,-2.63,-1.27,-9.94,-0.15,0.26,0.02,510,512,513
17062118,-2.96,-1.46,-9.83,-0.12,0.18,0.01,510,512,513
17072118,-3.16,-1.45,-9.72,-0.09,0.12,-0.03,510,512,514
17082118,-3.02,-1.40,-9.56,-0.08,0.10,-0.07,510,513,514
17092118,-2.90,-1.60,-9.46,-0.12,0.08,-0.10,509,512,514
17102118,-2.71,-1.62,-9.65,-0.21,0.12,-0.12,510,512,513
17112118,-2.29,-1.44,-10.06,-0.25,0.14,-0.13,510,512,514
17122118,-2.27,-1.34,-10.38,-0.19,0.11,-0.12,510,512,514
17132118,-2.22,-1.18,-10.39,-0.11,0.07,-0.11,510,512,514
17142118,-2.14,-1.30,-10.23,-0.04,0.05,-0.11,509,512,514
17152119,-1.85,-1.11,-10.16,0.01,-0.06,-0.08,509,511,514
17162120,-1.93,-1.01,-10.03,0.04,-0.09,-0.06,509,511,514
17172118,-2.13,-1.06,-9.71,0.02,-0.01,-0.08,509,511,514
17182118,-1.77,-0.77,-9.88,-0.08,0.04,-0.11,509,510,514
17192118,-1.33,-1.09,-10.04,-0.15,0.06,-0.07,510,511,514
17202118,-1.35,-0.89,-10.21,-0.17,0.07,-0.02,509,511,513
17212118,-1.61,-1.00,-10.27,-0.15,0.07,0.01,509,512,513
17222118,-1.73,-1.06,-10.37,-0.14,0.07,0.00,509,511,513
17232118,-1.94,-0.87,-10.31,-0.10,0.14,-0.02,509,511,513
17242120,-2.02,-1.07,-10.18,-0.06,0.16,-0.04,509,511,514
17252118,-1.96,-1.22,-10.02,-0.07,0.08,-0.04,509,511,513
17262120,-1.66,-1.14,-10.21,-0.09,0.05,-0.03,508,511,512
17272118,-1.53,-0.95,-10.24,-0.06,0.05,0.00,509,511,513
17282118,-1.66,-1.15,-10.25,-0.05,0.05,0.02,508,511,513
17292118,-1.62,-1.10,-10.27,-0.05,0.01,0.02,509,510,513
17302119,-1.71,-1.01,-10.26,-0.03,-0.06,0.06,509,511,514
17312118,-1.98,-0.97,-10.16,-0.02,-0.05,0.06,509,511,513
17322118,-2.14,-0.93,-10.20,-0.01,-0.01,0.02,509,511,513
17332119,-2.08,-1.02,-10.16,-0.00,-0.03,0.00,509,511,513
17342118,-2.07,-0.94,-10.15,0.02,-0.03,-0.01,509,510,513
17352118,-2.11,-0.92,-10.04,0.03,-0.02,-0.03,509,511,513
17362118,-1.87,-0.98,-9.98,0.01,-0.00,-0.05,509,511,513
17372118,-1.65,-0.77,-9.76,-0.00,0.04,-0.07,509,511,513
17382118,-1.55,-0.83,-9.58,-0.03,0.05,-0.06,509,511,513
17392118,-1.47,-0.94,-9.58,-0.09,0.04,-0.05,509,511,513
17402118,-1.69,-0.86,-9.72,-0.14,0.05,-0.04,509,511,513
17412118,-1.85,-0.80,-9.81,-0.17,0.09,-0.05,508,511,514
17422118,-1.88,-0.78,-9.81,-0.17,0.16,-0.11,509,511,513
17432118,-1.59,-0.94,-9.97,-0.21,0.19,-0.13,509,511,513
17442118,-1.26,-1.00,-10.32,-0.22,0.15,-0.12,508,511,514
17452118,-0.92,-0.94,-10.65,-0.20,0.10,-0.06,509,511,514
17462118,-1.33,-0.64,-10.66,-0.11,0.11,-0.02,509,511,514
17472118,-1.64,-0.88,-10.46,-0.04,0.17,-0.05,509,511,513
17482118,-1.89,-1.05,-10.04,-0.01,0.26,-0.09,509,515,513
17492118,-1.68,-0.72,-10.16,-0.02,0.22,-0.10,509,511,513
17502118,-1.32,-1.17,-9.99,-0.07,0.15,-0.10,509,511,513
17512118,-0.99,-0.97,-9.88,-0.04,0.31,-0.06,510,511,513
17522118,-0.75,-0.79,-10.34,-0.02,0.37,-0.01,509,511,513
17532118,-1.04,-